Entropy: 0.996316519558962
Error: 0.4642857142857143
